----------------------------------------------
                 Case 0                    
----------------------------------------------
K:  16 M:  16 N: 16
A: 
    64     61   -110   -115   -107     33    -94     69    -27    -13   -103    123      0     38     49      1 
   -11   -118    122     -4     29     65     87     73    -64     95     83    -69     68    -34     40    -57 
   -10      3     -6    111     91    -62     50    -76     50   -121     -5    -10     68    -19    -76   -118 
   -54     37     34     -9    -95   -109    -70    -22    -15    106    108    -94     48    -68    -42    105 
   123     94    -22      7    -49    125    -64     53     79     79     73      4     53     15     98     10 
   126    -86    -21   -105    -31     48    107    -94    126     -5     94   -127     59    -58    -40    -30 
   117    102    -63    107    122   -103    -59    -83    -18    -12    -48     25     81    -52    -46    113 
   111     67    -56   -108    -77    -34    -54    -14   -114     66    100    -88   -105     92    105     25 
    90     -3     91    -99     63    -54     68    111     25     88    -30    -42    113     44    -97   -120 
    44     93     38    -62     30     53    -56     60   -104    -38   -106    -21     26    120    -57    -39 
  -125     22     24     10    117     12     17    -45    -80    -55   -127    -86      8    118    -57     42 
    36    -99    -65    -12     73     22   -113    113     -2    -16     38     80    -41    -96   -121     48 
    68     -6     -8     83    -83     77     14    103    -13     31     72    -74     60     37     91   -123 
   -92    -99    -61    -79    -21    -13     59    116    -32     82     98      1     35    120    -42    -25 
    80    -45    -60     66    114    -84     36    117     10      6   -105     51    -53    122     -2   -109 
   -36      3     28     -2     -8    -16     20   -112     76     83    -58     78    -54     48     22     38 

B: 
  -111    -48     65     77   -109    -65    -72      3    -24      8    107     65    -52     88    -88     17 
   -78    -77     76    -67     43    -54     67    -68     -9    -19     83     23      5     85      6   -103 
    56    -83     28    -47   -102     53    -69     -9   -102   -101     64     -5    115     -4     -3    -61 
   -35    -45     89     32    -92    103    -87     26    -81    -66      8   -103     85    -26     23    -39 
    41    108    -88     23     -2    -51     38     26   -102     55   -128     53   -103      7     86    -53 
  -113     59    -26     83     10      4    -32    -28    -27     33     92     60    -79    -21    -13   -114 
   -92    -53     -6     33     30     60    -76    -72   -123     73     62     24    -26     42    107    107 
    54    -72    -46    -38     -9     94     34     -2    -48    -45     15    -97     -1     28     -2     43 
  -121    -39     33    -15    -38     30     37    -23    118     49    -73    -70     81     55    116     93 
   118    -37     96      2    -26    -81    121    -11     65     77     91    119    -90    -79      8      3 
   -76    -15    -46   -118      9     -9     20    -33    122    125    -74      3    -44     72   -127    -73 
   -12    -12    -48     85   -104    -54     91     84    -74   -124    105     98     16     20     50    -80 
    47      8     55     33     50     -4     82    -61    -78    119    -65    -55    103    -48    -57     82 
  -109    110     32   -119     30     65    -15     45     33     83    -94     57   -123     54    114    -35 
   -89    -14    106      2    -13    -98     79    -36     45    -57    -18    112   -102    -29   -107     91 
   -81     95    -41    -26    104     81     25     60     81   -127   -114      9     74    -30     80     50 

C: 
-10238   2133   4493  15423   2802 -26417  31329  11469  14564 -26927  32647  25069 -18774   5976 -12244   -874 
 28612 -13839    986    699  -9589   6349  -7963 -19333 -25100  30241  10046   4378 -12387 -17825 -26633   9532 
   449  -4226  -3253  10517 -13212  10839 -26158  -6481 -39020  22753 -18864 -35600  26942  11627  15220  -1238 
 31145 -14433  13011 -34664  22423   3605  19394  -8009  46402   4793 -18204 -18522  34727 -14652 -26436   8876 
-44355 -15467  34168    152 -10763 -22308  25574 -16160  29478  14610  22891  21260 -20579  13112 -33098  -7570 
-32765  -5190    712   9227   6974  -8436 -22114 -29163  26277  65197  -6419  -2825  -2050  14878 -17416  36683 
 -2103  11019  11774  17890  -1278 -13936   8852  12619 -15950 -16274 -18218  -3250  23391   2901   7229  -3733 
-23301   4314  19227 -34900  16163 -32469   8237  -4192  54805  12619   7285  44615 -60995  16179 -46170  -7498 
 36239 -22740   4635  -4131 -13127  -1623   3475 -17589 -35385  47099  15200  -4648  -4753  12202   7354  16053 
  8575  13183  -1337  -5967   7036    877  -6048   3132 -31142  -1962  15102   7858 -18434   8947   6146 -29348 
 15659  43471 -15029 -12167  33324  24578 -15360   8551 -30683    890 -37597  -6549  -5262 -14003  47669 -11945 
 27435  13371 -46899  18453 -10631   4776   6553  27410   3977 -17613  -8579 -17007   7071  -1865  -3174 -16388 
-16965 -27693  33567  -3872 -15894   2823  -8692 -23971  -2350  30922  22729  -8204 -20382   5331 -43817   5877 
 19143  14568 -21149 -27529  23057  16632  18067    250  16139  46589 -23005    832 -30890  -2755   9039  12965 
  6216   1679   1062   9649 -28733   5370  -7537  17754 -35918   3339    560   1545 -34455  15085  34418   9783 
 -9744   6508  13386   3113  -8429  -9403  12248  11155  13686 -12838   6042  28294  -1795  -6576  34922    126 

----------------------------------------------
                 Case 1                    
----------------------------------------------
K:  16 M:  16 N: 16
A: 
   -87     95    -75    -18     24     95    126    -61    -75     76      9     66    -68    -32    -54   -119 
   -12    -12     31     70    -45    125      5   -106     -2   -114    110    -64    -63    110    -64      0 
    13     71     50    -80    -14    108    -70     78    -13   -102     58     91   -115   -111    -14     66 
    93    -67    110     37     49     83     69    -22    -21     21     58    -63    -59    -73    -87     84 
    20    -72    -99    121    -69     19     35    -11    123   -113     66     25   -100     30    -19     95 
    83     47    -49     -1     50    -19    -68     24    -79    -35     72    -62    -33    -10    -53    103 
    60    -75    -67     56      6     25   -115     57     57     56    -56     40   -126     10    -36    -76 
    89    -17    -23     79    -37    -34    114     -6      8   -108     39     44    -69     68    -49    102 
   -49    -26    -55   -117   -111   -105     70    112    -85   -124    -95    -63    -39    -68   -105     27 
   -77     89     -4     58    -76    -54    -23    -53    -34    122    125     49      5    -73   -104   -101 
  -112     91     53     90     24     24     27     98    -91     -6    -72     85    -86   -115     99     93 
   -53    -91    -58   -112    -12    -90     31   -107    126    -24     47    -45     89   -117    -48     -4 
   -59    -19      2     20    110   -121     59   -110    -18    -31    -78    -71     64   -103     45     79 
   104   -125     62     78   -107    -52     35    -45     91   -122     63    -97    -85     12   -114     90 
   -20    -13     46     48     44     35    -44    -74    -29     54     37     88     45     44     -8     45 
  -108    -49     68     60    -87    -86    110     58     64    -64     79     99     31     58     47     -3 

B: 
    23    -67    -70    125     76   -121    -64    -66   -111     26    106     18    -67     -9    116     81 
    39     56    -10    -52     87   -122   -111   -103   -121    -79    -35    125     71     11    -19      6 
   -80     35   -122     76     27    -80     91   -115    -94     -9     82     15   -109   -125    -65    -54 
   123     99    -45     62    -22    -26    -81     49    -83    107    111    -23     33   -126    -36     62 
    84     69      2     71    125     97   -117     27     51    -51    106     55   -104      9     39     51 
   -41     83     -2   -122    100     13    -72      8    -78     94    -19     84    -71    -80    -99    105 
   -11     61   -106     25    104    104     17      9     62   -107   -106    -69    -20    -11      5     89 
   -53     -8     31     96    -89    -65    -50     68     96     53     93     59     31     45     19    -96 
    56     -5     63     70    -28    -92     64     60     23     23    -37     92    -43    -96     74    121 
   -37     70    -45    118    -15   -106    -44    -95     33     45    -95    -69     35     12      7    -43 
  -103    -95      1    -78   -114     -4     80    -89     65    -49    -32     68    -71    -35     83     60 
   -95      0    -59   -119    117     70     87    116      9    -48   -105    -47   -101   -116     26     -9 
   -77     -9     -9    -38    -77     38     14    -84     74     16   -119     97     48    -76    103     -2 
    20    -85    116    -59     99   -102     92    -52    -12     21   -119    -55    -22     98    -15     30 
    78     31     42    -55     39     43     27    -34    -31   -126     -1    100    -71     78     46    -95 
   -29     24     -4    112    -66   -105    -83    102    101      3    -36     54     33     14    -49     59 

C: 
 -4916  28099 -17211 -45947  46529  40318 -11959  -5697 -10555 -17254 -34410 -24691   2430  -1749 -21104   9614 
  2959 -12617   9401 -37808   9153  -5732  16531 -10241 -29083  17611    502  -1826 -14848 -14975 -26381  44415 
-27684   -926  -8759 -20877   3996  -6893 -10376  24263 -13238  -6099  28543  32056 -22540 -14860 -18871  -1675 
-11684  14305 -39409  43452   1623 -10696 -20910  -4409  -6332  16815  35899  -4642 -23202 -28668 -14131  34704 
 20037 -12573  16353   -308 -14874  -6457   9013  53583   7907  16042   3921  -3865  -4313 -14850   -679  48670 
  2559 -14129   4660  19014 -15801 -22838 -36257  -1930   2783   5296  30041  14487  10457  20491   3442   9490 
 20812  -3704  15864  17625   4143 -16496  -8779  28677 -15362  38607  34098 -21644  -5301   1042  -1067  -1019 
  6431 -13807 -10235  11221  12791  -9433   4427  28443    490  -3403   1586 -16849  -7560  -6223    515  38919 
-15589 -20387   3497   9842 -33867  19449   1688  31876  32210  -5604   7890 -27261  45035  39236 -14690 -30097 
-22930   2387 -19746 -20472 -26465  -2855  10674 -29539  -6759   3240 -22333 -18614  22188 -26023    571  -8976 
  7158  50601 -22740   3182  12093  13148 -35132  34783  -5463 -16512  25407  11395   4128  -7933 -38527 -32103 
-11335 -19429   5636    776 -42635  34198  29531   6281  43530 -15809 -28057   1316   8489  -8065  30744  14457 
 28733  23765 -12604  28125  -5977  38022 -19335   8733  20556 -28189   9584    613  12755   4603   3608  -2763 
  4914 -29889  -8301  41825 -35845 -30100  22810  16416  -4793  26504  32845 -19752  -3441 -20251  -2106  43260 
-12383   7920  -9083 -12544  12234   -856   5416  -5400  -2926   5574 -17468  -2808 -16621 -24184  -5173   8143 
-19585 -10212  -3225 -17967 -18021  15267  58153  16041  26428 -19720 -31092  -9228 -10747 -22339   6647  -6858 

----------------------------------------------
                 Case 2                    
----------------------------------------------
K:  16 M:  16 N: 16
A: 
   -83     92   -128    -43    104      2    -34     57    -55     60    -25      6    116    -97     92     16 
    84   -102     60    -23    -60   -127    119   -117     92    107     40   -116    112   -121    125    -46 
    78     -9   -109   -103    -33   -102    -27      5    114     59   -114    -68     86   -110    -85    -82 
   -62    -13   -100    -22     20    102    -90    -11     46    114    -34     -7   -119    -44   -106    109 
   -45   -127   -112     -1     54    -67     90    -10    -96    -72   -118    -85     73    -38     26    -97 
   -38     36    -72    118    -73      3    -92    -90    -37     93   -103    -62    -99     30     53     70 
    37    -25    -45     16    -70    -44    -69     13     70   -126    126     67    -16    -49    103    -29 
   -21    -96    -60    -58     37    -53   -123    110     94    -17     11    -65     13    -56    -59     48 
    42    114    120    115   -106    -68    -48    -73   -110     25     29    -84     73   -124   -103    -98 
   122     96    -39    -49     95   -117     64     48     52    117     39    -18    -62     82      0    -19 
   -73    -51   -101    -33     53     74     56     31     87     93     55      1   -109     14      1    -22 
    32     59     12     87     60   -123    -89    -97    -77     20    -17    -70     25     61      4    -81 
    31    -38      1    -93    106    104     -1     -4   -111     54     93     11      3     49     55    -79 
   -72     14    -58     21    -31     79     69     75     50   -114     77     21     94    108     56   -117 
    96     18    -65     28     44    -60    -14    -70     83     -9    112     11    -77    -39     98    -20 
  -113     43     32    -10      5    -78    -73     71   -119     24     -6    120    -45    119     56    -64 

B: 
    87    -10    -17    -51    -89     79     -1    -65    -63    -54    118   -118     86     53    118    -45 
   -49    -34    -61     -9    -20   -119     37    -55   -104    121    -28     56    -10     86     -8   -101 
   -15    -79     33     89     11    -75    -94    -12     64    107     34    -59    -63    106    100   -121 
   -57   -114   -103    -75     85     82    121    -34     33     88     94     77    113    -95     -6    119 
    98     94     86     42    -29    121   -110     70   -100     55    -38    -56    -51   -126   -112     76 
  -120   -121    -30    -82    103     38   -107     70    -73   -100    -64     38    -92     -6    126    -22 
    79     96    -10    121     81     55     80    -25    -94    -77    104     74    110    -33     61    -28 
   -63     47     64     51   -128     52     -3    -29   -100    -46    -45    -31    -77   -108     73     31 
   -55    103     83     66    -18     51     69     17   -120   -107    -90     72     83    -92     60     69 
  -119     29    121     61    -95      3    103    -58     73    111     89     29    -59     91     -1     32 
   124   -116     13    -28    121    -33     22    -11    -56      5    -31    -35   -120     21   -125     55 
   -27    106    -84   -105    -67    -67     61     67     69    -76      0    -11    -14     44    -25    -77 
   113    119    103     52    -78    116    121     91    -59    -59    -12    -38    -79    118    -44    -12 
  -123    -15     21     23    113     24    -49    -77   -128    -95     78     20    -43     88   -127    -21 
    67    -79    -23   -126    -72    125    111     50    -53   -107     24     78     44    -49   -125     88 
   -22     98    -74     72    -32    -95    -77   -118     19    -20     28   -123     63     22    -20    -27 

C: 
 19791  30835  17353  -8304 -47658  21229  25741  26949 -13206   7821 -26182   6605 -23596 -12865 -37371  19990 
 66074  12565  39486  27663 -22603  42311  65850   5873  12090  -3382  31628   8367  35812  13696   5349  22143 
 15057  56794  42449  26296 -56381  16678  29703   8251   2703   -734 -14606  -2744  19381   -964  33738   3710 
-56358   8652  -1382   2735      3 -31067 -32623 -13726  22811  15932 -23009  -2917  -6079 -17090  16204  10612 
 43427  25482  12260   5850  -3440  52792  13441  28880   5216 -15198   6348  12619  20953 -35452 -13727  26989 
-52824 -34191 -31203 -26149   6972 -15513  11057 -28621  35906  30396  21776  24224  32442   1053 -11675  17864 
 33074 -21164 -21741 -44539   -993   4467  24895  14824  -5510 -33945 -20635   2328  10364 -20719 -19461  19829 
  3742  30854  32565  19534 -31397   7891 -18394   3091   -898  -7304 -37948 -25937 -12427 -34655   1205  27915 
 15987 -50454 -10957   -381   6191 -30601  23647  -9875  47116  84038  18789  -3254  -4140  46958  29622 -25135 
  6535  27517  27176  25555 -24554   9689  13554 -32859 -41882  11566  25282  -4707   8875   2051 -16680   3590 
-24218   7034  17957   4897  17157  11829   -891   3671 -19210 -19516 -15493  26434  -7085 -38649  -7481  32146 
 13483 -24765   2270 -10399   3663   8331  10102  -7435  12320  50882  22934    852   3096  18175 -39238   8993 
 18575 -23353  20678 -17702   9431  22384 -24870  21333 -16756 -10295    213  -9869 -50916  11597 -24765   1172 
  4392 -11078   4280 -14920  34724  35535  24825  28218 -58338 -55817 -20632  36553 -19812 -14855 -20972  14753 
 34864 -14685  -9707 -29490    490  15302  23685  -1448 -15029  -6773   3039   5985  27099 -23455 -26731  29604 
-27095 -11464  -6391 -19721  -8412 -23069    546   1377  17208  17164   2031   9585 -35253  15926 -48343 -10295 

----------------------------------------------
                 Case 3                    
----------------------------------------------
K:  16 M:  16 N: 16
A: 
    98     17     -6    -80    -24   -104    -47   -127    108     44    -84    -51     89    -13     73    -36 
    46     42    -96    -91    -79     94    -82    106     45     93     41    -48      9     41    -68    -16 
    -2     36    -11    119    -89     14    -19    -85     80   -122   -114   -123     68     49     47     84 
   115     40   -108     97     37     -5    -20    -82     91   -126   -107    -67   -102    -46    -60    -32 
     6     63    -50    -87     36     96    -81     32     25   -111     44     -4    -47    -41   -111     24 
   -21     15    121   -100    -56     10     54    -93    -87   -119    119     32    -87    125    -32   -104 
    71     62    -80    -33    108    -51     35     29    -36     88    104     49      8    106    115    119 
   -97     56     49     13     24    -61     70     15    117    -19    -30     67     67    124     42     91 
   -36     91     -4     74   -127   -103    106      9    -47    110     95    -62    122    -29   -117    109 
   123   -124     84    -30     59    -33    -23    108   -126    -60    -91     72   -104    -73     20    -28 
   -88    -93     53   -115    -74     72     17    -76      6     19     71    -47    -22    -16     85     -1 
   -29    -53    -88    -70     70    120     22   -117     18     34   -125     41   -124    -72    -36     90 
    85    -47    114    -27     55    -37    -71      3      8    -34    -65     55    -92      0    120     66 
   101    123   -119     13    104     84     78   -122    -61     -9    -45    -47   -103    -73   -124     32 
    -7   -128    -72    -84     82    -90      5   -106   -127    -10     35    -80    -68   -114   -107   -120 
    26    -37    -13    -63     70    -63     -6    -79   -120     67     84     77    -30    -46     65     60 

B: 
    -2    -51    -64    119    114    -13    -83     90    -79    -98    -34    -54     20     76    -37    -88 
  -100   -108     -8    -64     43    -90    116     50     69    -76     87     85     82    -85     48    110 
    34     50    -16     78      1    -54     89     71     49    104    -31   -105   -115     57     21    -33 
     5    -38   -118     47    -36    121    -29    -92     93     50   -112   -121    126     48    -36    -27 
   -16     63    -50    -68     24     98     79   -122    -70    -43     12    -47     17   -114     54     62 
   -91    -98     22    -40    114    -56     68    -59    -90    -25     23     99     81     46      7    124 
    -5     50     99      0    -13    116     12   -127     66    -41    104     66    102    -82    113     40 
    47    105      2   -121    -36     72    -94    -76    -62    110    -43    -99     25    -75     29   -105 
  -121     36    104     80     89    -16    -34   -113     54    -77    -98     38     91    -15      9   -128 
   -78    -97    -61     82    -15    -44    -68     96     85     54     46      0   -112     50     -8     52 
    88    -43    -38      5   -116      6    -82     45   -115     -9      0    -59    -99    -19   -108    -96 
    87      7    -56     76    -62    -87     46    -62     35    -35    -95     93    115     25    126    -44 
    59     42    -89    -99    -89    121    -15   -116     73    -58    -40     51    -64     96    -42    -27 
   101    -40    -80     62     -3    -47   -107   -114    -63    -89     30    -69    -49     77    123   -100 
  -117    105    -33   -124   -122    103     83    -37     -5    -78    102   -114     66    -48    110    -59 
    84     78    123   -100    -47    103     52    -73    -42     92     27   -126     -1    -32    -73    -87 

C: 
-34342    891  -1989  20388  14290  -7824    151  23776  27419 -40341   3995  12733 -15691  19244  -2487 -10831 
-11892 -34533   3438   -727  25254 -34971 -40070  20876 -25791  -3636   1316  21515 -18462  11983 -20688  -3142 
-17504   5426  14472 -13474  13711  27472  12867 -30805  23025 -14488  -4809 -14874  29079  17744 -11314 -11376 
-34068 -17670  14268  24073  59355  -2225   3695  -1097    288 -29115 -18804  13741  56491  -9555 -11467  13407 
  1396 -14504  24536 -15178  33938 -30140  10308   7171 -39744  -2967  -7789  28150   8558 -17341 -21899  14747 
 33066 -18880  -2828  32980  -1172 -52043   5428  29499 -25403 -16853  19811  14536 -27919   8648  22539   4799 
 13500   7026 -17023 -23923 -33132  26565  -8869 -21766 -27154 -26301  32396 -34814  -2482 -21930  20707 -28080 
 11568  30596  12499 -12210 -22609  19049  12510 -63660  26182 -11667   -209  -9698  17404 -10530  39354 -32759 
 29691 -17046   4498  -4520 -33980  24891 -24863  11159  40864  30109   8536  -2308 -30289   7683 -41281  -3669 
 22091  33769  -9447   8062   8048   2002   4455  24665 -27157  28871 -15299 -32364   1660  -4472  13708  -9180 
-11314   6258  25622  -4876 -14281 -11722  10531  18729 -11881   5327  25736   6535 -31776   5716  -5039   4608 
-30712  -9148  44338   4379  40597 -16462  35877  -4173  -7626   -736  15325  39676  30521 -15334   7292  48403 
 -1921  31973    353   7458   2470  -2637  23789  11051 -15421   5805  -5064 -45953   3143  -2632  19280 -29326 
-28135 -47116  18630   8238  57516 -11949  26191  16757 -10415 -22814  26213  42431  37367 -24612 -11488  69353 
 10997  -7679   1234  16692   6944  -5250 -11312  51842 -17097   8705   9466  22667 -41082 -11326 -32183  42319 
 18225   4596 -11850  -2970 -33097   4259  12885  28243 -15718   1574  21117 -13344 -24938  -9088  -2987   4102 

----------------------------------------------
                 Case 4                    
----------------------------------------------
K:  16 M:  16 N: 16
A: 
   -90     -4     20    120     53     -7      9   -119     58     -1    110   -105    116   -128   -103    -85 
  -111    124    -55     -7   -120     12    107     25     72    -42    102     94    -75     95    108     91 
   -13     85      1    -57     16    -90     60     21     21     92   -100   -100     25   -104     74   -101 
   -32     58    -59    -79     31     32    -71    -97   -116     89     37     71     35     35    109    -11 
    64     35    -43     99    -49     96    -38    -21   -127    -81    -28     -5     90     81     68     78 
    29    -62     34    -43    -35    -87     21     84     31     93    104     56     10    109    -12    -27 
   119    -67     69     69    -58    -88    -15    105    -84     60    -73    -94      4    -16    -57    -99 
   -16    -43     93    -28    124    -85    -74      1    -22     76    -43     55     94     64     66    -82 
    55     77     -6      4     58    -13     60     62     81   -106     70     73      4     92    -15    103 
   -61      8     -2   -122     -2    -69    -22    -19     10    -12    -14     42    -83    -99   -103    -69 
   -49     78   -106     65   -104     37     17     10     10     38    -47    -68   -115     56     20     13 
    70    -39     74    -85    -65     87    109     39    -65    -83     56     56     53    -13    103     36 
   -38    100    -64     81     41     -2     84     70    100    111    -75    -32     49     92     25    -67 
   -99    -34     96     76    -16   -110     17    -85    -55    -50    117    -20   -126    119      0    -66 
   -32     16    -14   -115    -35     -2     50     80     60   -122    108    -39   -105     81    -84    -93 
    46     77    106    -10    -36   -117     38     83     40    -31     -3     58    -19   -117    -79     22 

B: 
  -114    -18    -31     95     91    -23     50     -7    -93   -108    107   -124     45     85     93    -18 
   -67   -122     49     62    -29     77    -72     37     83     37    -82     70   -109     91    -48    -76 
    89      5     68    -88    -28     43     71    -67    119     94     -2    120      1    -13    -25    -37 
  -109     17   -121    112   -119    -44    -31     29   -124     81     52    125     29     64   -101     -5 
    20    111    112     51     75     40    -43    -59     84   -107   -103    -39    -32    -53      3    -92 
  -123    -55    -56    102    116    -18     41    -49     -4   -112    124     11    -73     90    -53     18 
    91     19     55    -12    -43   -123    -78    -56   -105    -54    -27   -100     93   -112     -9    -74 
   112      0    -92    -49    -56     48    -50      1   -114     56    -30    125    -15   -104    -37     -2 
     2      5    -91    -86    -50     92     81    -33    115    -34     91    -65    -36     37   -128    -61 
   -99    -11   -113    -90     92    -18      4     25    105     71     92    -33    -90   -128    -39    -43 
    86     64    122     31     82    -55    123     40     86    -33   -100     24     15    -84   -100   -127 
   -77    108     73     54      9     50    -91     13     32     48     47    -46     81     63    -79     84 
   -29    -88     91     97    -79   -124    120    -62    -47   -103     33    -85    -64    124    -18   -104 
    99     69    -71    -48    126   -125     18      6    -14    -59   -118     21    -92     46     20    -97 
   -80     39      8     55    -61    -94     80     38     36     27    -40    126     13     98    -89    -20 
    85    113     75     33     87    -53   -106   -127     18    -90    -45    -44      2   -114    -49     61 

C: 
 -8621 -25974  20240  12362 -34795   2626  36335   -768  16406  -1105  10026  -7692  -4687   1846 -17352 -33904 
 25386  19681   7716  -3272  -3963 -18013 -20750   9015  14096  10519 -37284  25010   1749  -4354 -53102  -7736 
-14201 -39244  -9398 -22982 -39955  14356   1583  11415   9863  25297   3972   2826 -10087  -6700  11401 -14642 
-36052   3014  27023  21644  32681 -18255   6617  16549  34604  -4129 -16139   -606 -20181  21113   -705  -3454 
-30516  -8336   -432  60130   6794 -45751    445  -4542 -45746 -26255  -1443  15544  -7901  53561   3968   6921 
 34534  22738  -7547 -34525  17643 -14520  17404   8411   8314  10796 -11615  -4472    746 -31243  -7653 -24335 
 -1101 -25103 -43967 -18853 -21744    800   7477  12938 -48332  32412  23507  15928   9230 -11667  38999   4860 
 -1794  14250  13158 -13354  -2376  -1863  21304   1571  29968  12822 -12697   9026 -14860  12639   4124 -21360 
 32766  28932  25909  16081  13001  -4505 -16029 -18022  -1999 -32450 -31984 -10580   2813   1404 -21751 -22672 
 15606  -6326  16368 -33919  -5364  50269 -17513  10788  26178  23985  -1361 -15710  13038 -25249  20199  23080 
-14287 -15802 -52645  -7158  -1705  -2610 -24645  20028 -16955  18661    616  23949 -14369  -1667  -6929  12441 
 13357   5238  36975  20978   5624 -34695  16852 -16833 -19635 -23417    514  -3340  24692  10017  -2725   -196 
-15126 -17739 -45218  -8399 -19753  -9686  -9183   6680  -7390   5220   1319   6260 -33445   7017 -23117 -37760 
 45328  29743  10462 -27859  -2916 -11736   6634  22397  16301  38364 -51421  43071  16548 -19358  -2125 -14661 
 61289   -840   2023 -34905  11029  18298   6543  12260    829  -4834 -34956   4022   3454 -21304   9714 -16559 
 22129  -7084  19066 -17054 -33463  40389 -21340  -5834   2985  30656   2723   1767  22475 -21245  -2616   8069 

----------------------------------------------
                 Case 5                    
----------------------------------------------
K:  16 M:  16 N: 16
A: 
  -120   -114      6     65     57     81     41    103   -105    -64    122     81      9      4    -66     35 
   -29    -90    -17    -31   -118    -15     80    113    -14     19     98     78    -47     80    -75    -57 
   -44     46     41     95    -96    -70      0    101     31    124    -62    -87    116    124    -36     -2 
   119     61    -49   -100     -9   -119    -96   -128     53     17    -46   -110     12     36     16    -72 
   -69     95    -17   -115     28    -34    -86   -128    -64    125   -101     36     64    118     -2   -112 
    63    126    -56   -122   -114    124     78     96    -82     97      0    121    -63     85    -30     99 
   -62     56   -127    -75     88     14     -3    109     99    -87     20     14    122      0     31     28 
   -97   -116     32   -102    105    -92    -12     -5    108    -65     -8   -120     90     77      4    -92 
  -115    -53     55    -20    -66     46      9     27   -102   -125   -113    -98     17    -48    104    -64 
   -17    -98    -85    112    -10     32     95     45     -8     22    -21    -18    -44     86   -113    -73 
    95    -41    -66   -117     91    -10    -17     94    -55      2    -71     67    -99    -10    -51    -46 
   -62    -33     14     36     19     74     -6    -60    -17   -114   -120   -108    -37     52   -102     80 
   121   -126    -57    -65    -66    -51     27     99     51    -25    121    -29     80     14     14     59 
   -62    -15    -82     40   -102     10    -77    116     98    -22    -11     13      8   -114    -43    -75 
     2     49    -48    -76   -108    117   -101     25    118     80     62    106    -95    -21    -56     78 
   -66    -47     90   -128    -70      8     89     24   -111    -63     94    -39     16     -5     92     72 

B: 
   109     33     84     38    -85     -8     22     28     29    -97    -45   -122     30     91      6    114 
    55   -102   -120    -81    -25    -99     11    -43   -121    105    110     43     97     40    -22      0 
   -57     94    123   -122    -34   -109     40    -47     25     90   -115    -36     98    -21    -27    105 
  -103    -58    -79     94     70    -68    -77     40     86     47     86     68     67     72    111    -86 
    55    -35    -66    -82     52   -126     94     58    -53     14     28   -125   -102    100   -107    -10 
   -34     88     22    -70      7    -97   -105    -42    -35     55     44      9     60     17     70    -46 
   -12     63    -29    -79    -45     80      0    103     56    104     42    126     96    126    103     62 
    86     75    -92   -120    -17    100     59    -33    -87    -70    -61    -66     34   -120     62     85 
   -82    -88    102    -72    -21     12    -58    -94   -108   -121    -94    -72     45   -112    -53   -102 
   -62     83     28    -52   -106     13     59   -100    -44    -91      9    -28    -51     -3   -110     89 
    39     91     10    -42     56    -61     42     21    -20   -109    -88    -69    -80     27    -51    -85 
    23    111     -6    -78    -50   -117    -26    -23     38     10   -102    -27     10     81     54    -70 
    41    -54   -108    -55     30    -13      7    -87     76     82     65   -120   -122    -86   -103    -65 
   126    -16    -28    -91    -95   -123   -100    126     32     32     79    -81     19    -63    -55    -51 
    48    -23    -65   -108     15    -39     47    -50    -97     30     21      6     27   -116     12    -45 
  -112    -45      1   -116    -60     61    -82     82    -88    -19     17   -127     38    -99     82    -12 

C: 
 -4656  43317 -21969 -14236  25902  -9198  -6706  27448  22461   9834 -11235  -1584 -15116  13929  30709 -20904 
 15352  50681  10734  -3969 -15486  22320  -5930  13839  21345 -24089 -31175  12966   3719    171  18379   6373 
 -4375 -18090 -23300 -13652 -20990  14322  -9792 -14745   6686   8280  27644  -5969   8868 -45074 -16387  10898 
 27250 -44907  19751  36671 -10270   4280  15123 -10506  -6237 -22005   9853 -13789 -20791  -6728 -52797  10998 
 27565 -15331 -12980   1677 -18680 -38384   9999 -20617   5705  27101  32997   3180 -30421   1708 -62533    285 
 25481  45030  -7821 -50554 -56308   3291 -19282   8178 -26277     39   6569  -1847  35096   4617  30222  28675 
 26792 -30328 -44450 -37329  15902   8221   2796 -10941 -35935  -4701   9190 -33462 -24168 -36568 -14326 -36580 
 16336 -26338   7228  -4821  19497   8512  18306  -1361   4477  -4942  -9494 -23870 -40702 -39243 -55084 -13487 
 -3243  -5331 -14094  15433  28290  22039   2584  -6056  13128  49500  17019  48314  13968 -26460  26170   8957 
 -2999  12980  -5188  30849     44  15268 -22006  31442  36112  -4461  16719  27876   3943  28002  23229  -1898 
 38089  24544   7219   6097 -15575  13551  23424  11759  -6630 -26795 -20073 -13524 -11216  24753    204  37373 
-27161 -29445   7470  22584   9676   4950 -38248  34214  13782  31894  30911  14652  17966   -986  22797  -5029 
 23025  15913  12754  -8605  -8889  44052   5376   6569   1970 -52071 -32443 -46570 -22177 -33403  -1461   3560 
-16581  -6497  -3901  29264  21425  36581  -3880 -40334  -9112 -29451 -19148  19582  -1726 -26539  14756 -17272 
-20824  21460  33545 -18928 -24921   -756 -26316 -30654 -42609 -49152 -33683 -16417  14180 -21788   6859 -15491 
  7304  31685   1877 -34795   1006  19528  12198  13689  -1465  21659 -13518   6755   4166 -24383  14253  15490 

----------------------------------------------
                 Case 6                    
----------------------------------------------
K:  16 M:  16 N: 16
A: 
    -7     45     94     20    109    -63     91    -69    -19     10     20    -82     -1    -48     25    107 
   -21    -70    -89     88    107    -17     19    -43     20   -126    -46    118     82    -32    -29    -21 
   -24   -118    -13     13    -86   -127    124    -96   -123    -30     43    115     32    102    -49     23 
  -109     -1    103     66     76    -39    -27   -106    -78   -124    104    -54    -55    -50    -19     -3 
   -99    -48     37     -4    -34    114     47   -105     50     88     44     42    115   -105    -57     15 
    32     74   -118   -117    -37     59    -31    -33     54     96    -22     21    -56     -1     66     44 
   112      5     47    115     52     29   -122     61   -113    -43     60    103      7    -27     91     79 
   -12     26   -123     49    -41    -72    -55    -60     90     55   -110    122     90     91     24    -96 
   -74     26    -47     89    -25     97     70     50    -54   -119    125    -69    108    120    -71      5 
     8     76     81    -92    -60   -113     58    -84    -73    -86     82    -21     10     76     59    -71 
    44     64     16    -59    -41     44     13   -125    -69     57    125     15   -127     58    104    -68 
    13     56     65    -65     55    120   -102    100    -39    -15     -3     65    -69     71     13     67 
     6     -5   -100   -101    -75   -108   -126    -87    -51    -55     80    108     66     27     14     94 
   126   -100    -99   -126     42     -8     54   -119    -18     -7    -99   -115     35     81     52      7 
    -5    -45    -23    -26    -12     41    -86    -77     30    107     75    -55     -2     -1     69     76 
   -18    -51   -112   -128    -16     52    -96     30     -5     95     27    -44    -84     51   -120    -79 

B: 
   115     95     97    -64     80    -60   -123    -69     -1    -43     23    -70    -72    -88   -110     31 
  -103    -77      6    -51    -58     40    -44    -95    -98     70     89   -114    110    -55    -92    -83 
    42     31     90     74    -40     20     84     -4    121     -3    -22    -24    -95    -96     28    -51 
  -109    -52    -82     66     -3     90     61   -108    -24    -30    -69    -65     49     37     12     73 
  -110     93     16   -106     52    -89    -96    -60    -56   -111    -94    -70    -19    -37     -4    -90 
   124   -113     39     93     -4    -16      6    -55    -42    116    -88     55     72    -57    108    116 
   114   -124     55     11   -126     91    116     29     19    -38    -38    -92     29     69     46    -90 
   -57    -27     70     84    -97    124    -39     20   -105    108   -109     66    -59    114     80    -11 
   -77     41     58    -46    -92     44    -70    -54     11   -107     64   -112    -58   -121    -42    -59 
    86     16   -126     18    -24     97    -99    106    -73     25     99    117     50    -70     -2     98 
    27     91     34     67     22    100    105    115     10     22   -118    -53    -25    -59     96    -10 
   -16     23     -8    -72     86     42    -48   -110     70     56    125    -70    -46    -89     96     91 
  -118    121    -63     23     32    -40     63    -87    -54     68     25    -44     33     44     83     56 
    26     41     16    111    102    106     -5    -45    -68    -28    106     47     13    -87    -35    -63 
    94      1     49     82     77     -7    109     30     30    -29     -7    -91    -51    -20   -113    -14 
   -95    114     -2    -77    110     89     17    101    117    -92     35    -34     39    -51    -79     -3 

C: 
-13937  15028   5153 -19021  -2180    -78  21499  19066  22115 -38910 -14622 -32364   4722  -6280 -23927 -35099 
-44541  10256 -11128 -29383  18222 -27578   -550 -48234   5237 -16034  -8314 -31708  -2378  17572  21670   8030 
 19048  10958 -17144   4043  28186  19426  40598  14571  34163  -9423  24566   2890  -2583  14916  21140   3901 
-22829   1142    877   2191   3955 -17803  45512   9888  29988 -18057 -43485 -16598   -999   6916   9413 -24658 
  5919  -3700 -25872   1530 -16466   -237  22852   8301  16891  15981    375   3276  18939 -10289  46960  34809 
 25362  -5109  -3006 -19097  10364   -456 -34827  15047 -11228   3805  38805   6065  15053 -27548 -30685   9878 
-13209  32117   8725   4183  53261    575    979 -19415  12609  10188 -21654 -19117 -15895 -14645  -2410  29856 
-25833   4327 -36057 -12194  15133  -3181 -30499 -48818 -25165    909  67986  -7305   9203 -10416 -12451  19809 
-21325 -14276    474  45729  -5754  30818  49139 -11747 -27915  26512 -41311   -987  29724  27920  43570  -5444 
 24372   3369  21186  12754   5023  -5402  40666   8532  15161   -569  13971 -22668 -10387  -4824 -16518 -40604 
 70224 -15040  11062  18067  18924   3629  13581  22293   6314   5349  11757  -3197   2804 -39052 -18201  -2318 
  2481   5417  24719   8284  23796   8630 -24226  -7329  -4321  21758  -1863  15239  -6206 -30111   3152   2801 
-21604  52925 -15998 -27618  59264 -12054   -372  13616  24117    479  42742  -4353  -2582 -12901 -12507  13011 
 43843  20382   7061 -17334  31085 -47088 -15610   8988  -1522 -37742  17349   8735  -1340    156 -43145 -13193 
 16190  27575 -14819   6048  25824   1882     16  36313   8214 -12112   6170  13859   5181 -28351 -15392  18996 
 25436  -5308 -13648   1902  -5898  -6722 -47294  27994 -33301  20724   5429  65897   6867   -597  15096  15156 

----------------------------------------------
                 Case 7                    
----------------------------------------------
K:  16 M:  16 N: 16
A: 
   104    -44    116    -65     81    -32     72     -1    -36    -30     53    -86   -124    -12      9    -23 
   -98    -71    -20    -93    -87    -31    -68     -3    -59    -37    -11    -11     96   -118     76     67 
   -14   -118    -69    106     27    -48   -120    -15     69   -104    125     76    -79     55    -29    -95 
    40     85     46      1    -27      7      8    -97   -122      4    -42      8    -28    108      1   -100 
    86    124    -68     72    -13    -73    -85     33    -48     99    103     63    -64    -87     92    -85 
